{
 "cells": [
  {
   "cell_type": "code",
   "execution_count": 21,
   "outputs": [],
   "source": [
    "import warnings\n",
    "warnings.filterwarnings('ignore')"
   ],
   "metadata": {
    "collapsed": false,
    "pycharm": {
     "name": "#%%\n"
    }
   }
  },
  {
   "cell_type": "markdown",
   "source": [
    "# read timeseries"
   ],
   "metadata": {
    "collapsed": false,
    "pycharm": {
     "name": "#%% md\n"
    }
   }
  },
  {
   "cell_type": "code",
   "execution_count": 1,
   "outputs": [],
   "source": [
    "import pandas as pd"
   ],
   "metadata": {
    "collapsed": false,
    "pycharm": {
     "name": "#%%\n"
    }
   }
  },
  {
   "cell_type": "code",
   "execution_count": 2,
   "outputs": [],
   "source": [
    "# in data/ts/ we don't have cerebellum regions included. only 1012 regions.\n",
    "def ts(subject, epoch): return pd.read_csv('data/ts/ts_'+str(subject)+'_'+epoch+'.csv')"
   ],
   "metadata": {
    "collapsed": false,
    "pycharm": {
     "name": "#%%\n"
    }
   }
  },
  {
   "cell_type": "code",
   "execution_count": 3,
   "outputs": [
    {
     "data": {
      "text/plain": "   7Networks_LH_Vis_1  7Networks_LH_Vis_2  7Networks_LH_Vis_3  \\\n0           -0.707022           -0.763647            0.091984   \n1           -1.313980           -1.436940           -1.149532   \n2           -1.175622           -1.051546           -1.235031   \n3           -0.353504           -0.274848           -0.234933   \n4            0.700392           -0.007258            0.933005   \n\n   7Networks_LH_Vis_4  7Networks_LH_Vis_5  7Networks_LH_Vis_6  \\\n0           -0.364270           -0.671012            0.649847   \n1           -0.640217           -0.504047           -0.101759   \n2           -0.431280            0.932604           -0.134707   \n3           -0.489042            2.243884            0.170842   \n4           -0.998473            1.932399            0.061735   \n\n   7Networks_LH_Vis_7  7Networks_LH_Vis_8  7Networks_LH_Vis_9  \\\n0           -0.246103            0.754983            0.631594   \n1           -1.111763            1.337396           -0.583194   \n2           -1.171876            1.790176           -1.433821   \n3           -0.643113            1.357257           -1.249307   \n4           -0.015147           -0.129264           -0.079308   \n\n   7Networks_LH_Vis_10  ...  Left Hippocampus  Left Amygdala  Left Accumbens  \\\n0             0.808759  ...         -0.039909      -0.296537        0.289511   \n1             0.339601  ...         -2.327223      -1.698804        0.560162   \n2             0.045582  ...          1.131981       0.295590        0.074461   \n3            -0.108199  ...          1.107219       0.715183        0.545290   \n4            -0.225130  ...         -0.512820       0.872590       -0.337517   \n\n   Right Thalamus  Right Caudate  Right Putamen  Right Pallidum  \\\n0       -0.253907      -0.810298      -2.000160       -0.479996   \n1       -0.652799      -0.885699      -1.546196       -1.642955   \n2        1.340012       0.860470      -0.500277        1.571292   \n3        0.286716       1.322081       0.247186       -0.475064   \n4        0.173958      -0.530911      -1.526489       -0.450150   \n\n   Right Hippocampus  Right Amygdala  Right Accumbens  \n0          -0.109435       -0.101183        -0.529745  \n1          -1.903944       -1.821804        -1.266036  \n2           0.372534       -0.311690         1.368992  \n3           1.685276        0.336718         0.141097  \n4           0.004471        0.469072        -1.424279  \n\n[5 rows x 1012 columns]",
      "text/html": "<div>\n<style scoped>\n    .dataframe tbody tr th:only-of-type {\n        vertical-align: middle;\n    }\n\n    .dataframe tbody tr th {\n        vertical-align: top;\n    }\n\n    .dataframe thead th {\n        text-align: right;\n    }\n</style>\n<table border=\"1\" class=\"dataframe\">\n  <thead>\n    <tr style=\"text-align: right;\">\n      <th></th>\n      <th>7Networks_LH_Vis_1</th>\n      <th>7Networks_LH_Vis_2</th>\n      <th>7Networks_LH_Vis_3</th>\n      <th>7Networks_LH_Vis_4</th>\n      <th>7Networks_LH_Vis_5</th>\n      <th>7Networks_LH_Vis_6</th>\n      <th>7Networks_LH_Vis_7</th>\n      <th>7Networks_LH_Vis_8</th>\n      <th>7Networks_LH_Vis_9</th>\n      <th>7Networks_LH_Vis_10</th>\n      <th>...</th>\n      <th>Left Hippocampus</th>\n      <th>Left Amygdala</th>\n      <th>Left Accumbens</th>\n      <th>Right Thalamus</th>\n      <th>Right Caudate</th>\n      <th>Right Putamen</th>\n      <th>Right Pallidum</th>\n      <th>Right Hippocampus</th>\n      <th>Right Amygdala</th>\n      <th>Right Accumbens</th>\n    </tr>\n  </thead>\n  <tbody>\n    <tr>\n      <th>0</th>\n      <td>-0.707022</td>\n      <td>-0.763647</td>\n      <td>0.091984</td>\n      <td>-0.364270</td>\n      <td>-0.671012</td>\n      <td>0.649847</td>\n      <td>-0.246103</td>\n      <td>0.754983</td>\n      <td>0.631594</td>\n      <td>0.808759</td>\n      <td>...</td>\n      <td>-0.039909</td>\n      <td>-0.296537</td>\n      <td>0.289511</td>\n      <td>-0.253907</td>\n      <td>-0.810298</td>\n      <td>-2.000160</td>\n      <td>-0.479996</td>\n      <td>-0.109435</td>\n      <td>-0.101183</td>\n      <td>-0.529745</td>\n    </tr>\n    <tr>\n      <th>1</th>\n      <td>-1.313980</td>\n      <td>-1.436940</td>\n      <td>-1.149532</td>\n      <td>-0.640217</td>\n      <td>-0.504047</td>\n      <td>-0.101759</td>\n      <td>-1.111763</td>\n      <td>1.337396</td>\n      <td>-0.583194</td>\n      <td>0.339601</td>\n      <td>...</td>\n      <td>-2.327223</td>\n      <td>-1.698804</td>\n      <td>0.560162</td>\n      <td>-0.652799</td>\n      <td>-0.885699</td>\n      <td>-1.546196</td>\n      <td>-1.642955</td>\n      <td>-1.903944</td>\n      <td>-1.821804</td>\n      <td>-1.266036</td>\n    </tr>\n    <tr>\n      <th>2</th>\n      <td>-1.175622</td>\n      <td>-1.051546</td>\n      <td>-1.235031</td>\n      <td>-0.431280</td>\n      <td>0.932604</td>\n      <td>-0.134707</td>\n      <td>-1.171876</td>\n      <td>1.790176</td>\n      <td>-1.433821</td>\n      <td>0.045582</td>\n      <td>...</td>\n      <td>1.131981</td>\n      <td>0.295590</td>\n      <td>0.074461</td>\n      <td>1.340012</td>\n      <td>0.860470</td>\n      <td>-0.500277</td>\n      <td>1.571292</td>\n      <td>0.372534</td>\n      <td>-0.311690</td>\n      <td>1.368992</td>\n    </tr>\n    <tr>\n      <th>3</th>\n      <td>-0.353504</td>\n      <td>-0.274848</td>\n      <td>-0.234933</td>\n      <td>-0.489042</td>\n      <td>2.243884</td>\n      <td>0.170842</td>\n      <td>-0.643113</td>\n      <td>1.357257</td>\n      <td>-1.249307</td>\n      <td>-0.108199</td>\n      <td>...</td>\n      <td>1.107219</td>\n      <td>0.715183</td>\n      <td>0.545290</td>\n      <td>0.286716</td>\n      <td>1.322081</td>\n      <td>0.247186</td>\n      <td>-0.475064</td>\n      <td>1.685276</td>\n      <td>0.336718</td>\n      <td>0.141097</td>\n    </tr>\n    <tr>\n      <th>4</th>\n      <td>0.700392</td>\n      <td>-0.007258</td>\n      <td>0.933005</td>\n      <td>-0.998473</td>\n      <td>1.932399</td>\n      <td>0.061735</td>\n      <td>-0.015147</td>\n      <td>-0.129264</td>\n      <td>-0.079308</td>\n      <td>-0.225130</td>\n      <td>...</td>\n      <td>-0.512820</td>\n      <td>0.872590</td>\n      <td>-0.337517</td>\n      <td>0.173958</td>\n      <td>-0.530911</td>\n      <td>-1.526489</td>\n      <td>-0.450150</td>\n      <td>0.004471</td>\n      <td>0.469072</td>\n      <td>-1.424279</td>\n    </tr>\n  </tbody>\n</table>\n<p>5 rows × 1012 columns</p>\n</div>"
     },
     "execution_count": 3,
     "metadata": {},
     "output_type": "execute_result"
    }
   ],
   "source": [
    "ts(1, 'baseline').head()"
   ],
   "metadata": {
    "collapsed": false,
    "pycharm": {
     "name": "#%%\n"
    }
   }
  },
  {
   "cell_type": "code",
   "execution_count": 4,
   "outputs": [],
   "source": [
    "import numpy as np"
   ],
   "metadata": {
    "collapsed": false,
    "pycharm": {
     "name": "#%%\n"
    }
   }
  },
  {
   "cell_type": "code",
   "execution_count": 5,
   "outputs": [],
   "source": [
    "from nilearn.connectome import ConnectivityMeasure"
   ],
   "metadata": {
    "collapsed": false,
    "pycharm": {
     "name": "#%%\n"
    }
   }
  },
  {
   "cell_type": "code",
   "execution_count": 6,
   "outputs": [],
   "source": [
    "def cmat(ts: pd.DataFrame, fill_diag=False, kind='covariance') -> np.ndarray:\n",
    "    conn_measure = ConnectivityMeasure(kind=kind)\n",
    "    cmat = conn_measure.fit_transform([ts.to_numpy()])[0]\n",
    "    if fill_diag:   np.fill_diagonal(cmat, 0)\n",
    "    return cmat"
   ],
   "metadata": {
    "collapsed": false,
    "pycharm": {
     "name": "#%%\n"
    }
   }
  },
  {
   "cell_type": "code",
   "execution_count": 7,
   "outputs": [
    {
     "data": {
      "text/plain": "array([[ 1.00790368,  0.23419984,  0.50892185, ...,  0.1682564 ,\n         0.19567103,  0.07654431],\n       [ 0.23419984,  1.00794046,  0.23882741, ...,  0.01707564,\n        -0.02505779, -0.01767422],\n       [ 0.50892185,  0.23882741,  0.99919792, ...,  0.30667607,\n         0.14315145,  0.01984748],\n       ...,\n       [ 0.1682564 ,  0.01707564,  0.30667607, ...,  0.99593425,\n         0.38450496,  0.25093269],\n       [ 0.19567103, -0.02505779,  0.14315145, ...,  0.38450496,\n         1.00050146,  0.17830201],\n       [ 0.07654431, -0.01767422,  0.01984748, ...,  0.25093269,\n         0.17830201,  0.98917187]])"
     },
     "execution_count": 7,
     "metadata": {},
     "output_type": "execute_result"
    }
   ],
   "source": [
    "cmat(ts(1, 'baseline'))"
   ],
   "metadata": {
    "collapsed": false,
    "pycharm": {
     "name": "#%%\n"
    }
   }
  },
  {
   "cell_type": "code",
   "execution_count": 8,
   "outputs": [
    {
     "data": {
      "text/plain": "    int_id str_id\n0        1    AB1\n1        2    AG1\n2        3    AH1\n3        4    AM1\n4        6    AP1\n5        7    AV1\n6        8    BN1\n7        9    CD1\n8       10    CG1\n9       11    CH1\n10      12    CK1\n11      13    CM1\n12      14    CM2\n13      15    CS1\n14      16    EH1\n15      17    EK1\n16      18    HK1\n17      19    HS1\n18      20    JC1\n19      21    JH1\n20      23    JM1\n21      24    JR1\n22      26    KK1\n23      28    KP1\n24      29    KR1\n25      30    LB1\n26      31    MB1\n27      32    MG1\n28      33    MP1\n29      35    NW1\n30      38    SK1\n31      40    SM2\n32      41    SR1\n33      44    UP1\n34      45    WK1\n35      46    ZN1",
      "text/html": "<div>\n<style scoped>\n    .dataframe tbody tr th:only-of-type {\n        vertical-align: middle;\n    }\n\n    .dataframe tbody tr th {\n        vertical-align: top;\n    }\n\n    .dataframe thead th {\n        text-align: right;\n    }\n</style>\n<table border=\"1\" class=\"dataframe\">\n  <thead>\n    <tr style=\"text-align: right;\">\n      <th></th>\n      <th>int_id</th>\n      <th>str_id</th>\n    </tr>\n  </thead>\n  <tbody>\n    <tr>\n      <th>0</th>\n      <td>1</td>\n      <td>AB1</td>\n    </tr>\n    <tr>\n      <th>1</th>\n      <td>2</td>\n      <td>AG1</td>\n    </tr>\n    <tr>\n      <th>2</th>\n      <td>3</td>\n      <td>AH1</td>\n    </tr>\n    <tr>\n      <th>3</th>\n      <td>4</td>\n      <td>AM1</td>\n    </tr>\n    <tr>\n      <th>4</th>\n      <td>6</td>\n      <td>AP1</td>\n    </tr>\n    <tr>\n      <th>5</th>\n      <td>7</td>\n      <td>AV1</td>\n    </tr>\n    <tr>\n      <th>6</th>\n      <td>8</td>\n      <td>BN1</td>\n    </tr>\n    <tr>\n      <th>7</th>\n      <td>9</td>\n      <td>CD1</td>\n    </tr>\n    <tr>\n      <th>8</th>\n      <td>10</td>\n      <td>CG1</td>\n    </tr>\n    <tr>\n      <th>9</th>\n      <td>11</td>\n      <td>CH1</td>\n    </tr>\n    <tr>\n      <th>10</th>\n      <td>12</td>\n      <td>CK1</td>\n    </tr>\n    <tr>\n      <th>11</th>\n      <td>13</td>\n      <td>CM1</td>\n    </tr>\n    <tr>\n      <th>12</th>\n      <td>14</td>\n      <td>CM2</td>\n    </tr>\n    <tr>\n      <th>13</th>\n      <td>15</td>\n      <td>CS1</td>\n    </tr>\n    <tr>\n      <th>14</th>\n      <td>16</td>\n      <td>EH1</td>\n    </tr>\n    <tr>\n      <th>15</th>\n      <td>17</td>\n      <td>EK1</td>\n    </tr>\n    <tr>\n      <th>16</th>\n      <td>18</td>\n      <td>HK1</td>\n    </tr>\n    <tr>\n      <th>17</th>\n      <td>19</td>\n      <td>HS1</td>\n    </tr>\n    <tr>\n      <th>18</th>\n      <td>20</td>\n      <td>JC1</td>\n    </tr>\n    <tr>\n      <th>19</th>\n      <td>21</td>\n      <td>JH1</td>\n    </tr>\n    <tr>\n      <th>20</th>\n      <td>23</td>\n      <td>JM1</td>\n    </tr>\n    <tr>\n      <th>21</th>\n      <td>24</td>\n      <td>JR1</td>\n    </tr>\n    <tr>\n      <th>22</th>\n      <td>26</td>\n      <td>KK1</td>\n    </tr>\n    <tr>\n      <th>23</th>\n      <td>28</td>\n      <td>KP1</td>\n    </tr>\n    <tr>\n      <th>24</th>\n      <td>29</td>\n      <td>KR1</td>\n    </tr>\n    <tr>\n      <th>25</th>\n      <td>30</td>\n      <td>LB1</td>\n    </tr>\n    <tr>\n      <th>26</th>\n      <td>31</td>\n      <td>MB1</td>\n    </tr>\n    <tr>\n      <th>27</th>\n      <td>32</td>\n      <td>MG1</td>\n    </tr>\n    <tr>\n      <th>28</th>\n      <td>33</td>\n      <td>MP1</td>\n    </tr>\n    <tr>\n      <th>29</th>\n      <td>35</td>\n      <td>NW1</td>\n    </tr>\n    <tr>\n      <th>30</th>\n      <td>38</td>\n      <td>SK1</td>\n    </tr>\n    <tr>\n      <th>31</th>\n      <td>40</td>\n      <td>SM2</td>\n    </tr>\n    <tr>\n      <th>32</th>\n      <td>41</td>\n      <td>SR1</td>\n    </tr>\n    <tr>\n      <th>33</th>\n      <td>44</td>\n      <td>UP1</td>\n    </tr>\n    <tr>\n      <th>34</th>\n      <td>45</td>\n      <td>WK1</td>\n    </tr>\n    <tr>\n      <th>35</th>\n      <td>46</td>\n      <td>ZN1</td>\n    </tr>\n  </tbody>\n</table>\n</div>"
     },
     "execution_count": 8,
     "metadata": {},
     "output_type": "execute_result"
    }
   ],
   "source": [
    "# the list of subjects, removed erroneous ones\n",
    "subjects = pd.read_csv('data/subjects.csv')\n",
    "subjects"
   ],
   "metadata": {
    "collapsed": false,
    "pycharm": {
     "name": "#%%\n"
    }
   }
  },
  {
   "cell_type": "code",
   "execution_count": 9,
   "outputs": [],
   "source": [
    "EPOCHS = ['baseline', 'early', 'late']\n",
    "EPOCH_REF = 'baseline'"
   ],
   "metadata": {
    "collapsed": false,
    "pycharm": {
     "name": "#%%\n"
    }
   }
  },
  {
   "cell_type": "markdown",
   "source": [
    "# centering mats"
   ],
   "metadata": {
    "collapsed": false,
    "pycharm": {
     "name": "#%% md\n"
    }
   }
  },
  {
   "cell_type": "code",
   "execution_count": 10,
   "outputs": [
    {
     "data": {
      "text/plain": "array([[0.16164728, 0.01286457, 0.01344053, ..., 0.00532123, 0.00403976,\n        0.00138714],\n       [0.01286457, 0.15478642, 0.02219715, ..., 0.004     , 0.00369062,\n        0.00223077],\n       [0.01344053, 0.02219715, 0.15867564, ..., 0.00542412, 0.00430922,\n        0.00193396],\n       ...,\n       [0.00532123, 0.004     , 0.00542412, ..., 0.58070943, 0.27984274,\n        0.05518802],\n       [0.00403976, 0.00369062, 0.00430922, ..., 0.27984274, 0.57462712,\n        0.04949823],\n       [0.00138714, 0.00223077, 0.00193396, ..., 0.05518802, 0.04949823,\n        0.56435679]])"
     },
     "execution_count": 10,
     "metadata": {},
     "output_type": "execute_result"
    }
   ],
   "source": [
    "from pyriemann.utils.mean import mean_riemann\n",
    "\n",
    "# grand_mean = mean_riemann(np.stack([\n",
    "#     cmat(ts(s, e)) for e in EPOCHS for s in subjects.int_id\n",
    "# ]), maxiter=5)\n",
    "\n",
    "# pd.DataFrame(grand_mean).to_csv('data/cmat/grand_mean.csv', index=False)\n",
    "grand_mean = pd.read_csv('data/cmat/grand_mean.csv').to_numpy()\n",
    "grand_mean  # riemann mean of all subjects over all epochs"
   ],
   "metadata": {
    "collapsed": false,
    "pycharm": {
     "name": "#%%\n"
    }
   }
  },
  {
   "cell_type": "code",
   "execution_count": 11,
   "outputs": [],
   "source": [
    "# ref_mean = mean_riemann(np.stack([\n",
    "#     cmat(ts(s, EPOCH_REF)) for s in subjects.int_id\n",
    "# ]), maxiter=5)\n",
    "\n",
    "# pd.DataFrame(ref_mean).to_csv('data/cmat/ref_mean.csv', index=False)\n",
    "# ref_mean = pd.read_csv('data/cmat/ref_mean.csv').to_numpy()\n",
    "# ref_mean  # the ref epoch for all subjects"
   ],
   "metadata": {
    "collapsed": false,
    "pycharm": {
     "name": "#%%\n"
    }
   }
  },
  {
   "cell_type": "code",
   "execution_count": 12,
   "outputs": [],
   "source": [
    "# for subject in subjects.int_id:\n",
    "#     c = mean_riemann(np.stack([cmat(ts(subject, e)) for e in EPOCHS]), maxiter=5)\n",
    "#     pd.DataFrame(c).to_csv('data/cmat/mean/mean_'+str(subject)+'.csv', index=False)"
   ],
   "metadata": {
    "collapsed": false,
    "pycharm": {
     "name": "#%%\n"
    }
   }
  },
  {
   "cell_type": "code",
   "execution_count": 13,
   "outputs": [],
   "source": [
    "def cmat_mean(subject): return pd.read_csv('data/cmat/mean/mean_'+str(subject)+'.csv').to_numpy()"
   ],
   "metadata": {
    "collapsed": false,
    "pycharm": {
     "name": "#%%\n"
    }
   }
  },
  {
   "cell_type": "code",
   "execution_count": 14,
   "outputs": [
    {
     "data": {
      "text/plain": "array([[0.26792435, 0.05900935, 0.06704671, ..., 0.02795163, 0.02760362,\n        0.00846408],\n       [0.05900935, 0.26256356, 0.06408739, ..., 0.01322507, 0.01257051,\n        0.0085572 ],\n       [0.06704671, 0.06408739, 0.26964629, ..., 0.03506905, 0.02488067,\n        0.00511373],\n       ...,\n       [0.02795163, 0.01322507, 0.03506905, ..., 0.63232117, 0.22359013,\n        0.13841352],\n       [0.02760362, 0.01257051, 0.02488067, ..., 0.22359013, 0.74026495,\n        0.12702586],\n       [0.00846408, 0.0085572 , 0.00511373, ..., 0.13841352, 0.12702586,\n        0.72302121]])"
     },
     "execution_count": 14,
     "metadata": {},
     "output_type": "execute_result"
    }
   ],
   "source": [
    "cmat_mean(1)"
   ],
   "metadata": {
    "collapsed": false,
    "pycharm": {
     "name": "#%%\n"
    }
   }
  },
  {
   "cell_type": "code",
   "execution_count": 15,
   "outputs": [],
   "source": [
    "from pyriemann.utils.base import sqrtm, invsqrtm, logm, expm"
   ],
   "metadata": {
    "collapsed": false,
    "pycharm": {
     "name": "#%%\n"
    }
   }
  },
  {
   "cell_type": "code",
   "execution_count": 16,
   "outputs": [],
   "source": [
    "def _to_tangent(s, mean):\n",
    "    # Covariance centering\n",
    "    p = sqrtm(mean)\n",
    "    p_inv = invsqrtm(mean)\n",
    "    return p @ logm(p_inv @ s @ p_inv) @ p\n",
    "\n",
    "def _gl_transport(t, sub_mean, grand_mean):\n",
    "    g = sqrtm(grand_mean) @ invsqrtm(sub_mean)\n",
    "    return g @ t @ g.T\n",
    "\n",
    "def _from_tangent(t, grand_mean):\n",
    "    p = sqrtm(grand_mean)\n",
    "    p_inv = invsqrtm(grand_mean)\n",
    "    return p @ expm(p_inv @ t @ p_inv) @ p\n",
    "\n",
    "def center_cmat(c, sub_mean, grand_mean):\n",
    "    \"\"\"Center covariance matrix using tangent transporting procedure\n",
    "    https://github.com/danjgale/adaptation-manifolds/blob/main/adaptman/connectivity.py \"\"\"\n",
    "    t = _to_tangent(c, sub_mean)\n",
    "    tc = _gl_transport(t, sub_mean, grand_mean)\n",
    "    return _from_tangent(tc, grand_mean)"
   ],
   "metadata": {
    "collapsed": false,
    "pycharm": {
     "name": "#%%\n"
    }
   }
  },
  {
   "cell_type": "code",
   "execution_count": 17,
   "outputs": [
    {
     "data": {
      "text/plain": "array([[0.3123488 , 0.03257589, 0.09277816, ..., 0.05028458, 0.05440005,\n        0.01632614],\n       [0.03257589, 0.298927  , 0.06895158, ..., 0.01932624, 0.00141929,\n        0.00779954],\n       [0.09277816, 0.06895158, 0.30216531, ..., 0.08236278, 0.04333789,\n        0.00405652],\n       ...,\n       [0.05028458, 0.01932624, 0.08236278, ..., 0.78397369, 0.39518461,\n        0.10908205],\n       [0.05440005, 0.00141929, 0.04333789, ..., 0.39518461, 0.69609506,\n        0.0728637 ],\n       [0.01632614, 0.00779954, 0.00405652, ..., 0.10908205, 0.0728637 ,\n        0.68281566]])"
     },
     "execution_count": 17,
     "metadata": {},
     "output_type": "execute_result"
    }
   ],
   "source": [
    "center_cmat(cmat(ts(1, 'baseline')), cmat_mean(1), grand_mean)"
   ],
   "metadata": {
    "collapsed": false,
    "pycharm": {
     "name": "#%%\n"
    }
   }
  },
  {
   "cell_type": "code",
   "execution_count": 18,
   "outputs": [
    {
     "data": {
      "text/plain": "array([[ 1.00790368,  0.23419984,  0.50892185, ...,  0.1682564 ,\n         0.19567103,  0.07654431],\n       [ 0.23419984,  1.00794046,  0.23882741, ...,  0.01707564,\n        -0.02505779, -0.01767422],\n       [ 0.50892185,  0.23882741,  0.99919792, ...,  0.30667607,\n         0.14315145,  0.01984748],\n       ...,\n       [ 0.1682564 ,  0.01707564,  0.30667607, ...,  0.99593425,\n         0.38450496,  0.25093269],\n       [ 0.19567103, -0.02505779,  0.14315145, ...,  0.38450496,\n         1.00050146,  0.17830201],\n       [ 0.07654431, -0.01767422,  0.01984748, ...,  0.25093269,\n         0.17830201,  0.98917187]])"
     },
     "execution_count": 18,
     "metadata": {},
     "output_type": "execute_result"
    }
   ],
   "source": [
    "cmat(ts(1, 'baseline'))"
   ],
   "metadata": {
    "collapsed": false,
    "pycharm": {
     "name": "#%%\n"
    }
   }
  },
  {
   "cell_type": "code",
   "execution_count": 17,
   "outputs": [],
   "source": [
    "# for s in subjects.int_id:\n",
    "#     for e in EPOCHS:\n",
    "#         c = center_cmat(cmat(ts(s, e)), cmat_mean(s), grand_mean)\n",
    "#         pd.DataFrame(c).to_csv('data/cmat/cnt/cnt_'+str(s)+'_'+e+'.csv', index=False)"
   ],
   "metadata": {
    "collapsed": false,
    "pycharm": {
     "name": "#%%\n"
    }
   }
  },
  {
   "cell_type": "code",
   "execution_count": 18,
   "outputs": [],
   "source": [
    "def cmat_cnt(subject, epoch): return pd.read_csv('data/cmat/cnt/cnt_'+str(subject)+'_'+epoch+'.csv').to_numpy()"
   ],
   "metadata": {
    "collapsed": false,
    "pycharm": {
     "name": "#%%\n"
    }
   }
  },
  {
   "cell_type": "code",
   "execution_count": 19,
   "outputs": [
    {
     "data": {
      "text/plain": "array([[ 0.36663975,  0.02327084,  0.04720172, ...,  0.00477619,\n         0.00435524, -0.07299704],\n       [ 0.02327084,  0.36781848,  0.08143847, ...,  0.04367833,\n         0.05412864, -0.00493431],\n       [ 0.04720172,  0.08143847,  0.28134914, ...,  0.01608776,\n         0.02112952, -0.0037686 ],\n       ...,\n       [ 0.00477619,  0.04367833,  0.01608776, ...,  0.57817675,\n         0.31136676,  0.01555793],\n       [ 0.00435524,  0.05412864,  0.02112952, ...,  0.31136676,\n         0.62373787,  0.00176574],\n       [-0.07299704, -0.00493431, -0.0037686 , ...,  0.01555793,\n         0.00176574,  0.61492679]])"
     },
     "execution_count": 19,
     "metadata": {},
     "output_type": "execute_result"
    }
   ],
   "source": [
    "cmat_cnt(2, 'early')"
   ],
   "metadata": {
    "collapsed": false,
    "pycharm": {
     "name": "#%%\n"
    }
   }
  },
  {
   "cell_type": "markdown",
   "source": [
    "# plot conn mat"
   ],
   "metadata": {
    "collapsed": false,
    "pycharm": {
     "name": "#%% md\n"
    }
   }
  },
  {
   "cell_type": "code",
   "execution_count": 22,
   "outputs": [],
   "source": [
    "cmat_baseline_mean = np.stack(cmat(ts(s, 'baseline')) for s in subjects.int_id).mean(axis=0)"
   ],
   "metadata": {
    "collapsed": false,
    "pycharm": {
     "name": "#%%\n"
    }
   }
  },
  {
   "cell_type": "code",
   "execution_count": 23,
   "outputs": [],
   "source": [
    "region_names = pd.read_csv('data/regions_sorted.csv')['region']"
   ],
   "metadata": {
    "collapsed": false,
    "pycharm": {
     "name": "#%%\n"
    }
   }
  },
  {
   "cell_type": "code",
   "execution_count": 24,
   "outputs": [],
   "source": [
    "import seaborn as sns\n",
    "from matplotlib import pyplot as plt"
   ],
   "metadata": {
    "collapsed": false,
    "pycharm": {
     "name": "#%%\n"
    }
   }
  },
  {
   "cell_type": "markdown",
   "source": [
    "## reorder mats"
   ],
   "metadata": {
    "collapsed": false,
    "pycharm": {
     "name": "#%% md\n"
    }
   }
  },
  {
   "cell_type": "code",
   "execution_count": 25,
   "outputs": [],
   "source": [
    "from scipy.cluster.hierarchy import linkage, optimal_leaf_ordering, leaves_list\n",
    "\n",
    "def reorder(mat, labels):\n",
    "    linkage_matrix = linkage(mat, method='average')\n",
    "    ordered_linkage = optimal_leaf_ordering(linkage_matrix, mat)\n",
    "    index = leaves_list(ordered_linkage)\n",
    "    # make sure labels is an ndarray and copy it\n",
    "    labels = np.array(labels).copy()\n",
    "    mat = mat.copy()\n",
    "    # and reorder labels and matrix\n",
    "    labels = labels[index].tolist()\n",
    "    mat = mat[index, :][:, index]\n",
    "    return mat, labels"
   ],
   "metadata": {
    "collapsed": false,
    "pycharm": {
     "name": "#%%\n"
    }
   }
  },
  {
   "cell_type": "code",
   "execution_count": 33,
   "outputs": [],
   "source": [
    "mat, labels = cmat_baseline_mean, region_names.tolist()\n",
    "mat, labels = reorder(mat, labels)"
   ],
   "metadata": {
    "collapsed": false,
    "pycharm": {
     "name": "#%%\n"
    }
   }
  },
  {
   "cell_type": "code",
   "execution_count": 34,
   "outputs": [
    {
     "data": {
